14 128 10 1 16 0 0
26 224 16 1 28 0 0
42 352 26 1 44 0 0
62 512 18 2 32 0 0
84 688 24 2 43 0 0
106 864 16 4 27 0 0
122 992 18 4 31 0 0
152 1232 22 2 38 2 39
180 1456 22 3 36 2 37
213 1728 26 4 43 1 44
251 2032 30 1 50 4 51
287 2320 22 6 36 2 37
331 2672 22 8 37 1 38
362 2920 24 4 40 5 41
412 3320 24 5 41 5 42
450 3624 28 7 45 3 46
504 4056 28 10 46 1 47
560 4504 26 9 43 4 44
624 5016 26 3 44 11 45
666 5352 26 3 41 13 42
711 5712 26 17 42 0 0
779 6256 28 17 46 0 0
857 6880 28 4 47 14 48
911 7312 28 6 45 14 46
997 8000 28 8 47 13 48
